3992670690
3823185381
1358822685
561383553
789925284
170765737
878579710
3549516158
2438360421
2285257250
2557845021
4107320065
4142558326
1983958385
2805374267
3967425166
3216529513
1605979227
2807061239
665605494
3211410640
3832587122
4128781001
115061003
36027469
1251993226
457175121
1712592594
1282922662
3467278599
2819264555
2693349607
3478118423
3899507741
3745967032
2389708215
4143129887
3607425725
3108204897
216844123
2759410519
3462752292
3081439808
3997822959
2008322435
1563495164
1398375548
2967598725
1888259215
555401847
3133990731
3576360846
4269260147
1367318865
2907150443
3166259589
3396556834
2563106101
734071155
1562109000
115316741
3414372578
3437564012
2999953669
3881458747
3529943123
105983500
3863176590
2112038651
3572980304
2260248731
3908238630
2561372504
4187221984
223155947
2818012165
3844380234
3487468620
3127879446
441282060
3514786552
1020176958
2148440361
1629275282
3479737010
3003195986
412181689
2082823982
940383290
1783365911
1111189909
2743031559
2010498897
3261125695
1972992891
2394542592
3047321306
2978368172
764731833
3922418062
2282559898
105711275
720447390
3596512483
3302030624
1645853955
3986462144
1283211782
2617755330
27045809
645033211
1879294844
2102930668
3169416485
1620684232
1613878827
3644715326
2118490326
3913132821
60299841
1648617696
1071322885
1355044603
1490934504
2441234290
3421743225
806672318
4030394580
540485319
431739001
2953201477
3158530349
3434284690
4193765492
2463320776
3031756235
4179990930
4087798149
2723242812
3985074806
3815742245
1761069449
2127790188
1452106877
1510181478
3303295297
3067596078
1437303193
2164359083
355136501
969106112
3859278157
1052157192
3381577096
3405053074
3081491055
2126749327
1906923354
3930297376
3225056748
4060341106
2825651808
2290214998
1549183045
1084447443
1624884815
3096078946
2790147868
1578137479
238958340
2141678759
336121074
973132419
394720342
1518552864
3457899765
2795387149
280493396
1344036545
963444377
3301693612
653405445
3357964785
2923115646
3661070850
540989267
4079814104
1105344688
460948393
1881056675
3911535621
471018803
1443345944
1351050861
3549276905
1506381902
3857312851
3269083709
183460861
424562602
840933102
4000591640
1264873566
1400498956
2692943993
1832386187
370325431
1162565860
613944172
3384905689
2215458024
1947011609
2960698464
357495009
3679179868
302265918
2780397254
1416262262
2498033211
825085170
3054219744
3598603981
1084122149
264936599
3866156392
2380419980
1899636946
2450756277
88136285
1984748534
4121712641
4075188761
2801286848
1480792763
2204204058
3798679864
2930698362
1851303308
2102559962
4271258391
3979244988
3438136182
2215686751
4044286797
309924345
1629852533
2437429573
1741286320
2642449344
1232172618
4043910559
1935029058
1783972010
3286127166
1135761043
2490647935
418300465
1624026361
2086685050
2673158835
1995711804
3174722575
127815285
3922949730
2981898987
2285367569
3079264396
2224025742
3134516205
440608000
1779624091
522567719
64849027
2764656126
3904018577
1915402732
3390355801
327813294
709525036
655279818
1343405474
341484136
2623990096
3776871244
1565473870
693524886
670180617
3964042652
761514080
15372752
3727557757
3447148988
1245947128
1303665279
2513327347
1051211437
1949893127
3299440537
1765996621
3021431675
3790886053
3806098091
2975158269
3921913314
1199469928
967701765
276768688
1810257892
853081926
712372936
4001546918
905528427
3669678305
3607335649
4100554462
3931829821
224426417
2927413056
2488811917
1757744872
2063715761
954033906
93239338
3587586224
1604687648
3336059541
1778510733
3166874833
2593761813
3688097933
2885138786
4176904786
3602900751
1760762381
3348039576
2564155471
1720997873
3171584228
3412477070
1145508789
3835939704
3277631532
1127384629
3996479102
4248568786
3756759023
3664926103
498917949
3141670444
4154475618
1527142745
1301321155
3793699473
2615703048
3727855917
720511021
4104985614
3686911368
460640
3119831120
71043261
279677725
1348920633
2225216262
4274850418
2557591303
639281067
1966760226
718879255
2543658961
3258042105
1372049883
298627631
3521150572
3029985351
398310762
2015049547
759650918
43758068
947952771
3327843165
2036215091
3411067330
3940425646
642395885
4258613466
101806317
2595080734
3273038961
3953764563
960656101
1574689497
1126030478
33508944
1962239568
2813274947
1073427936
721782752
2440759312
2132271334
3637592465
3396477060
1623925134
3513115041
1857423542
1575236976
3576072149
552945899
1593999521
846610278
174174981
89746292
2382295891
2721050605
1938087865
2055648875
3115143975
912434565
1625432637
1140220788
3610617944
811143970
2015691247
3821705895
2416535123
3075811822
2839829555
294519077
1985313717
1055008810
2678500280
3952896259
952970048
880060219
3147623127
2000946011
1639312077
3277365240
836807993
2286495708
1164635244
2366621984
1070413440
1009878410
653432288
1185322018
3313024839
72353344
1096985033
1814353321
547794770
201855025
2856871194
254260443
1772983753
1370025378
2868040716
1902935314
2833877498
724053264
1311587135
1294191862
864251529
1930172227
953599236
2031868617
515270934
3024605756
159538447
3009225975
146594024
2549705311
989975113
4178723260
980771709
2844032859
2683970668
3770186311
3833521106
1779556671
3348906335
3427705270
3098609625
592610354
1333338912
1121528870
1559431420
974086014
842164850
2286863944
4017906680
2983780615
2412629158
1047873480
3510240438
837945592
1498574117
3393635726
3434746618
1741094651
447125268
1868658380
3058532813
2690297763
3940411295
2915497431
3451372884
1853078822
1404940282
1267778734
1095676970
4283305577
2126018144
847289233
1776445523
2396418803
1825090942
2032003531
319452394
381205371
2591543119
1342263852
3209198418
2571305513
3425563808
211433893
1638532265
1580474246
3423768221
550752900
2026354294
111638112
3098385849
3144412436
812662322
1130408257
1866574357
3055781500
3536768584
2909559945
3548813912
3524637391
814005730
3397343538
86338151
2601718803
3021472486
2164676813
1491513814
1849836861
1801755197
433110876
3298916730
2089610667
4135529821
1719682491
3833538811
2521881964
579572610
1907648012
3426545169
1004693486
2929556840
2723918367
2276559832
984545705
3719362901
1079974284
3235175910
4202928557
400302079
1918143867
1414931608
347410422
1771084307
514526207
4142959
1987617387
2566515941
3343571260
2931579494
1711520222
1573163894
2682130344
1702949622
3429294861
2041651973
2124075202
2495719198
160547497
588999481
3088967657
4292451183
2977883453
2178953777
1354897006
2117705357
3593068637
802620966
173509935
1271688334
2704121823
3429596085
93403756
1266063125
3185868408
2994114448
1704956016
1172350954
2231586125
3919279852
1993731194
1282216226
2895301279
3821918606
3652235497
4066141287
1357423467
725475056
1356459743
1543144843
718807479
2929929201
2940097750
3957348375
3514278914
622445323
785134127
428957220
148109301
1767820459
2190170913
4188131583
3342753619
178269220
2648107506
802790772
4038082307
2614638620
979084473
374601505
3362562066
1358447283
1766849363
2620513190
2981978125
864124734
1077175034
2971678051
2178954264
1050664857
1206713015
2922174191
938675914
2087086644
3967534556
1118816698
3342352034
1214360416
1113502069
3888885098
975494184
1184735316
3407646794
3612703333
760382473
843636258
1263297819
1419845011
3509710314
4065744397
1916417229
2173562032
3650057679
1732657895
4035476804
116228437
846654386
2670497645
3976804700
1491850467
1722974790
1188843640
2010420821
275113169
965626185
1436196327
3064904672
290811975
2751622636
16425009
3922013505
175955375
2127911124
1498749756
1024173844
394940745
2921731986
2234739032
2783036080
926638379
3301038422
4259175362
2653115328
1147560118
3036952272
2921299551
2878834592
2260209858
2077000456
1889455195
3925637780
2841358157
119588421
578897912
3880013364
3383785709
1915357098
592609723
2338805148
2718384882
83849641
917685718
3706011789
100396212
2726352741
2692660911
2146561355
2758072207
1650409235
2757812833
17726794
3713518488
3159331417
1448269017
1080942163
1765052801
4174179444
2621298790
396175000
4040890724
1998123968
653166887
2714414927
790523122
1661499663
663307416
678074049
3061557168
2055978614
3985657328
2311340607
1815427596
4088238531
2341518513
2938745925
1384650070
1966153525
690221371
1987258659
3020014968
769991114
3136392999
4230161074
4124906073
4289637301
1591244866
2807853213
3078196136
3483673582
4235100687
1397251456
475743070
264790787
3256566821
598287966
676689805
870455170
3506562723
171829122
2379869487
3026129860
2498426393
850955827
4020714661
1092855450
1865509381
3657729899
2100785262
2823311101
2861008559
3462814757
2706490835
1354379824
559225142
3468071103
1519748275
3802283817
2727834162
2944331726
3946885367
3422398059
391987555
3758771044
305295404
1363969908
1776877932
3647904789
926171764
3456913357
2232088624
2453762173
2398799480
456298883
2034526702
3242600435
927163707
3039319161
1028382187
772091340
930883697
3654881365
2816168724
3541668344
3635232183
3917730425
3996314134
3675513045
3437286022
923395581
2923695243
1450344945
890161878
169374654
3185404269
1009660271
2993182414
536320944
1639644478
1191576933
3651233836
1884291361
2268220245
3693374465
3835444758
1386936852
3524275670
4241482556
981737690
4145862553
3524553101
2986120991
595116787
2878835357
2072182117
155179385
639136466
3373510416
1925408299
2271410919
2860261262
2890267795
3388868456
1831232057
2843357534
171701312
3055922593
2771789963
3813603085
2442448106
608490745
3027662510
633808849
3022553978
1399862304
970080969
136897031
4229178509
2953919152
507268391
3284490530
882482931
1503278999
4093639150
2645732521
4013998561
4116725553
1455126077
1250061455
3995609422
2949261545
445950704
181368870
540758840
268451062
1895112437
3497815775
2676625764
1875261569
2610485979
1683921108
730220040
1420120971
1429711088
1965629715
640295681
3587810148
4115454477
2004757085
277499607
1809409561
502767456
2451788759
1978606792
3174221182
1598780861
236581418
4088775714
2680835457
2491028970
2667433799
575754675
4769714
247562302
2589407872
2813966382
172595034
3052317516
2515778660
1738338316
1925774973
2835766806
1519259921
3627715484
4009460344
4245047498
1147855480
4102241726
1208171646
3151072987
2168554610
1263451727
2778011109
3028494096
4168581151
2150598016
154084012
1440067362
1817629595
2248975734
2526781163
3849243457
3142637348
4024431617
753814322
1915024902
2192747376
3118766004
2148705968
3465881611
3834407795
841794349
1643609703
2346271762
2846978527
640197087
201054136
804643048
3226479448
1646250334
1583920782
245338277
4071751972
2913215967
1491320944
3812417315
2937298921
1477000070
3541779840
1105534435
2088440714
513587019
4227003173
1725984789
2593361542
1446447911
3262563836
349762215
2939976824
2706372510
4004697193
2416856692
4079297548
326268955
4252494914
321206744
541833247
3835022216
4194467737
47030557
984001283
2713374948
799106253
1503792725
2187046423
574829361
2278470194
2905181036
1213926299
3699241345
1332133655
2528860600
1330943250
3894900954
1144131569
127645857
2548767371
3412168553
932585028
610499600
1728221454
4281051406
1239361076
4099115225
746640612
1088056886
969432223
1179657143
4246182549
3754744384
1864236362
1805420798
3557045842
4215500033
2458923899
2380650655
2799890373
1123351651
3134201532
1504233795
1680550466
2821829816
1687331403
1447109560
3691744427
1026173824
3479007728
3656078325
3592928631
2293673527
807402010
369123397
1544456275
1868544037
2070105458
600966963
4149250424
2763939885
2419411692
2990796572
3554106330
2434613949
326879709
2099402247
2375709402
815651911
2353386358
2524389623
3888850626
2335178327
1586941774
1839400145
3870464066
1545663598
604005663
2803733809
425947919
379123711
4179790284
387467770
4046052566
1307463966
2538097856
1597101506
223157336
2249525027
215399882
3961967241
1394155715
3050108592
1613832931
1433425963
3281996345
2159479279
3690518696
1112269825
2343799199
3050040099
1390946580
181291354
1742961589
2027700973
471019501
1499281231
589661722
2751013561
3201421222
3775198317
3764176067
2730894313
1112350780
1070686087
2944636732
1040375155
1542372057
1473526905
25843333
3899967539
3269246880
1065345531
1778212614
4236228426
1434055130
799167670
1194185927
3851409852
2544828933
906111703
1396296637
2454020134
4023548308
1925224483
412243722
3821191326
3793726340
709458039
2439617598
2464172418
265959297
267512780
3758047683
2872045805
965735279
2339604048
3433325040
3561379106
3444026841
1488147905
124358709
3622320562
2693369705
2051525953
2596905827
3628503923
335898770
1282335235
3319810292
154019162
615540215
2981132085
1991510213
2453863659
417087189
1253601177
2447505219
654389151
1734165870
3323444473
2519336381
178475480
3215669404
2287092584
3820862322
2005156980
1629468292
2949613213
1256004175
2756979385
2187384911
3873321397
2288416986
3835570679
452782400
1766617033
197315126
455424730
2671440228
1357138746
3532374021
3741391494
236496239
1066235513
3427269835
3575639301
1049023939
2051901712
3451168336
406982582
1280652157
3576023921
2006913515
146875861
4006429921
478010262
3907375634
2826975397
558035308
3791398048
2274175308
1731736291
2659296758
4245523135
2682701941
1946551391
2778022787
1732988192
1426257596
3042114549
490581214
2430487034
2452875104
1081741608
1297043542
1043687607
831100236
3435978685
2425392455
4085623727
2622003032
2384690283
194689936
687340405
4232156151
3051960446
445504235
947501775
1743315833
414000923
2858554508
281233350
846160288
996016828
1038439178
111348259
2676505306
3586410485
3430555098
3139197943
2339195376
3313029499
848631279
3250947804
3367777222
2447515883
3497537141
1879547411
3053245058
3061775700
4054632689
3283671164
3671971960
798621317
4138528723
2378286174
1995610150
2097860613
2083038698
3799112961
2518864068
2795539425
4045811418
3771328462
1598944352
15705987
2569430880
3449112928
2635444749
3870137440
2405457077
268375143
509030296
762697803
1730494079
1126779434
951330367
104328021
3385631225
1925999885
3281301944
2589175503
748947842
154340900
3108928352
1415520629
3970964135
2446072995
2044125046
3420621320
3921042663
2845143676
1878713039
2009926719
282868814
1377124791
1562103914
446829890
813676730
2904230846
637083662
2493046141
906584352
1982097730
3777679571
1398463470
3512192772
1981352475
2712545368
1293812245
4102907062
1336560545
511317137
1885963791
2586739381
721607624
1423458004
2307143068
3528447326
3283547902
2833771042
1596929159
1814928881
1131995067
3075552686
3726877348
924658711
2231729112
72296653
2474914475
1205728895
1895190696
2584372392
237717398
1978072599
1145556495
3052290718
2078555162
707277428
3814010496
4038283154
13796328
4103619498
3083822973
4212206809
1462697616
252672592
2852199125
3179865584
693262802
2579781062
2433958284
382051644
1529545277
4249187458
592946129
2357259728
3627050805
2896817604
1298329335
3113391588
2861234394
2441665091
1132105360
2265543122
1228752836
647478950
3875311065
1032014069
1753139006
1729073501
858726825
291358976
3010641974
3257238343
826362025
1471851366
1746614169
4250895955
1896994619
3816341258
2114500819
4031003907
2796544354
3174413720
2747625410
115735788
1762155800
1642377848
274637296
45210506
4096176401
280169604
1103580931
2926559354
2055213181
4237670176
721285945
2861524655
3610557864
1782853857
3462149324
176783876
261821553
3840932822
1023793957
3035626927
3145231738
2056856943
669671266
926048607
3764927307
351182585
1370338251
2891381470
1442331097
4272544070
2497088007
2549201911
145869113
3608556147
1836493828
657035748
1825983947
3762999417
1689126247
2340051070
4063835970
4224711408
1723938992
3159816632
3602216596
399789298
2419293887
1255092590
2798498072
1172732937
2745553856
305657439
1330786550
2920676095
2768614208
965178202
4005347294
2368673306
123808511
3306018171
660250390
909321971
733462879
1257517198
2792009047
1530800612
451738715
4107567103
2931604039
2835725794
433773607
4082419694
1503838658
416043143
54317532
1136132587
2208044578
1168823816
754818614
3586672114
543554093
3491174428
2815230011
1261621555
1378920582
2790482916
4058488735
1808158197
3688806338
320626509
713458032
3173151275
2145565879
2514145211
731779211
1480348939
2215470015
1108115210
1771529016
1253348905
1894024044
3305966971
3718449285
1822420933
2129098757
1239406603
697055321
1134651321
243889859
1189357784
1359554455
3617891513
3549617410
728522204
42278499
1082703819
1094594186
2542084626
2885016634
4189138104
1480863558
17743178
3084062372
1030861392
2009432299
3120362903
1346940264
1076853637
1588466624
3943459150
4195550870
2182495819
2540729985
2158358825
381888265
3059321794
3411316408
2747782760
2481469416
1221070541
2813991864
42019042
267502478
2554386988
867213546
3612131845
669724187
2089889219
3275828694
3353489584
1151419245
1771823722
4183380826
1631252466
3055170396
3858794067
3935279565
3851409378
1122845848
3094295210
3435350331
1223428926
1142747095
1459855776
3440107328
1224800234
692352119
3348402859
538455552
19640327
3475859971
363730351
4242252445
1895615014
1620079353
1078325933
1821500495
3890693152
3319178605
3783362289
2760019759
3077431605
1684498385
1025106950
1088369348
3974094282
554486467
4164479500
2497368716
2483517652
494147118
1155464845
3757351712
1292396255
718679820
2685781634
312710910
3349404797
1093604966
1808625245
2121915098
2821706408
215405433
1819433709
665223142
1510651083
4224409810
2682758299
949370803
3485358833
2690683434
2120503149
3983146965
228280409
46051729
2075046099
2707026117
2167386994
352997293
1876547698
2120142888
1614975202
3927095257
3340960713
4037107643
429830466
4143403373
70778624
955271969
3360279344
2925669996
3664288732
2517953069
960791731
1050093741
2692611921
3155389063
277756778
1987633980
1026157037
1043374614
1974710174
1286100219
2846199965
3759918170
935021330
3666126757
2018407034
3586358110
4201727791
1175312369
2203549035
699240267
2019198646
3575382515
2861053908
153196293
2238624880
1785099924
1104962407
685223331
3539774215
3607425984
553127930
3130431664
738492907
3012401934
751241001
744097457
1640422187
2934757729
436339684
969672617
1674163693
740859908
3478555952
4146768197
1519352398
771945045
3764615320
271260561
4118153765
1909891099
3602311167
1066813922
494116147
4055015981
2415539704
3398177474
465737718
1513383862
3761826212
3267993358
1503272118
2006949598
3855656928
795238370
533337837
1868185873
2739595693
1725150014
3747466999
1342116149
4576559
2849383036
1308761772
3981943902
123801019
3742964696
2361070228
3922233732
752441275
2872597170
2534140350
3999936033
21992870
135673732
1211278588
3888526700
3263307229
2012905436
3744975296
2964786562
2170767652
639881080
2077667520
1932278353
205119983
863875201
3224682564
1252769589
3570553677
4170511033
3719587069
740973979
3551001559
3730477268
2145680768
41211155
37649808
1748674151
1465417389
4053126429
3178803476
431043372
3911805267
3594506329
1262540181
2684109834
801901696
1238137917
3797682923
1817404282
1649558593
2241754583
2649591858
4294377225
2563990772
32568011
1388565549
3107823192
2748936184
405920848
1926682019
944780735
2999862716
469253626
695517203
2675207368
839056680
2209068569
2073575846
3173180850
2147752761
3812569125
3298940056
1367888212
828327990
1614321198
4261334939
3200621548
1397151091
4242778027
3633544335
3284358910
3513893630
2463551456
3893696994
465456478
3175896119
2743102776
1360046877
1654421584
118361155
2701928721
2418232569
2122073920
4108882250
582405714
670051488
1898401502
3254445664
3700934513
177566457
3005758502
835580093
3051813443
2234483653
765786662
1996720681
2268651697
3390918201
3463075277
550006907
2398249250
3832894639
3079898018
757598291
1389539386
1867798341
4000974887
641467870
1563646259
2958221322
1037242486
3496118831
3782218127
826994499
787784017
2483088055
2034939018
3096098345
2609745206
2040678474
3791227522
1125071610
595867937
3153061919
2135530381
1499832417
3246176495
2883917729
2869364746
236473836
884754337
3852781023
3822501808
2240448891
944622430
1182074002
2249052992
3622807925
497475602
1900409359
789436863
2874406382
1771208362
4263385099
2161465601
3662185687
1143428184
4009558652
244776838
3702811087
4264066370
287975024
1973412298
1253335884
2111677073
843227389
2273762469
1765277277
2800154768
1800377237
593467285
4115727842
3961146025
3968902148
3486017312
4224826507
539281437
1637809939
645526612
4140723575
4001860660
2535384102
231865312
2152060750
751399469
1211597620
2275037982
697357103
4104753549
1927527734
29452568
1491630426
426700455
2249942897
3010798640
2335730851
1236064036
46339170
3419541900
1273698871
4263889344
722759989
3176135788
4116761871
3646513441
1015466509
3872309491
3576227389
2985849809
3039785574
3410759056
2408011487
2930399755
3011278912
2685071421
910551376
553206967
2967992568
4008244523
2669776594
2193699310
3081421340
635833994
655829763
2140218197
404815140
2812938721
4085306096
3577647861
1734943469
709361834
2763488262
3913925456
4125279843
985124081
3596250959
3583990878
561067643
2011026595
2151668480
1638291209
780491541
3765184933
216366590
1708363582
3844285924
3264808517
1142620018
2388604314
230912852
688954442
2144678187
313208878
3350551764
2249157966
2392073346
1482347835
580050339
3347238783
1668924377
3869470711
1106697814
467200045
2264841948
1267027983
3876941747
468542927
3664095702
1131228528
3594128544
1310979378
927191119
3337566174
573592108
2419787828
516435538
3830455494
3756483108
1308854665
343719368
3343987421
1672520216
533423677
780905496
505758920
1765889975
906114495
3579353727
2105552151
4202402831
3372152783
18250823
3512334398
2404565019
2893423373
3228869696
1436320343
1675229721
3331176987
1325449228
3374551203
3425857205
1537607618
3104276836
2367202502
3439800430
826751956
4173345611
1715376233
3768833339
3994125793
2606363928
619005111
1177003760
3839956769
2228117673
2130976546
2443373155
2380862760
4088140569
582419668
1908868340
2839838295
4061002065
521239950
2460100549
1765328802
3940085053
3418106723
1649182627
1030545306
201690940
2519710554
3695870208
1704941891
3209332622
4038682904
2369884924
3918502555
2651767063
517545026
3599474272
1168947771
3864690631
2047802106
1919040638
2788559103
440665600
3567817762
3556574773
3529501962
3716357446
887716255
1062046439
1407884335
1929617898
2012402274
2763674045
2811216835
1621875980
1172837727
1321112121
1765808951
3837634826
986948582
2592043140
893735644
3768104509
3821645564
254677338
935509321
2679860987
3942882290
3602721324
2968150761
2606459548
2932997707
2909917242
1407268318
2997826309
1171316359
4056468511
1717999109
3791977407
750273976
729638597
3132514730
2918812683
3034614803
139162270
1659350348
3394984300
1862906357
3487766460
3529862146
906090123
1902292527
2232489154
2207580179
3381289630
3473219245
2172863775
932557733
4257313960
1059148164
2035502061
506194053
1960675192
1072857944
3699575637
2803796201
3871957194
1414127629
2806618709
3063911534
3458057783
2185241555
9281701
373087460
2746494898
2467046753
3549442038
69753055
175249677
1838413704
2538607409
3769117254
838790543
115592177
1743128172
2006380826
1465602002
2356784241
4193679580
3153667956
3142822416
3280580854
4151328117
3590138210
2353065619
3729350089
871416866
316047346
779472153
1770262045
3064652550
3571271786
3688482836
3860184821
2881380572
2045182552
1563195156
1799506300
469266080
2183060980
2670735945
4011129854
795842979
3434378681
945421247
2340390956
1269102917
3561299158
3149645085
3113885226
2115487784
1846960185
4149067184
3463177923
2796188991
3658244107
862219541
2258960018
1198136532
4241166118
1543080132
3406389423
254154518
1732556055
1151298863
2840592353
1712266790
566087032
2679817995
1405423338
2675699666
617796116
4242963429
4266511767
3512993382
722434443
1395314737
491724393
319132306
574770049
3309800335
343398047
2264095811
1678953178
2747304219
441603722
188576984
3454626419
3175371379
2172800714
3877255110
3155754320
2968533096
1000053489
707600189
2310360003
1128651255
552614485
1968877244
932610310
3157574097
1219157624
2456788596
2862204275
3201008945
2936072663
439591667
2959479221
3860422968
3019078206
955392660
2172960725
1443503979
2896548566
1425560972
2635635993
1382196694
3104171313
3640464549
2955325223
1707374622
3122115331
1392001829
3736364193
672492948
1162283928
3143578400
1397766471
1831399072
2286619522
2661500635
1846864433
432164295
2123477808
2529693262
677038311
857307480
2126885988
2599626964
671658727
2974668766
261747506
3817171640
448819230
3010035782
3470308628
4025945201
1032275783
1459728344
598143602
2749661571
1564224230
3068369115
349003496
970873502
1787382501
3488636181
860003631
789760165
416841941
1100406722
2813999473
1417154188
686196958
3412062265
3451011277
2480355881
222743705
2643674105
2850172702
138439302
1632001915
4129715903
775318143
2826069654
3342727768
4124849409
3983739713
866488874
3350264261
2375417580
2639089597
1002652330
2065880989
795325615
1612027251
434245404
3925085086
440665316
94690225
612521830
1594677159
1528374284
4032761904
1336876387
264705491
1499215702
2584640497
1565663430
1620115538
630697619
2960339423
2293345146
1947954051
3995447602
1316455241
4217558950
2931917549
243548379
1041015002
1012094446
804729017
3595656766
2159895620
3810829042
3147745849
1000895896
2465619827
912617922
1734918502
72996658
1419352930
2539292662
3877571393
3724226233
2540783645
3492631765
2923116416
3812766114
2605066564
3376482751
3786462723
1574296952
1597346290
3877971546
1704398216
383166999
1647425256
2952860004
2471344757
1639515215
2551198957
3236288385
696453931
3134637998
3465275703
4043805047
2106442754
1766936800
1316424625
1639470673
97115667
1544930477
457355639
828592568
3049339523
1534502678
3661415177
690594822
1629441345
1147915024
2138555534
501070468
424629835
104757921
333077478
3903253053
1084499111
3680412665
592714403
3091411974
3851466858
475871335
2243039069
1230302251
100286564
734880578
2945218715
41666519
3347511827
3506081404
4153277190
3517315256
1578776376
1307779881
486605343
125106496
199091217
1571168970
4225169915
840398304
2281477572
2025420621
2595898809
3855515585
386715338
1644048351
1783018589
487622733
3419802456
2584014122
1010726664
1988169815
1228948556
1612819897
244985395
431794260
2416980980
3897363886
1909029667
3800701224
85558563
1082039343
3443316460
193958876
354806708
3799142621
165926229
679795896
2150841160
2670633014
3812269565
2835689512
2622896434
2230752129
710576916
3250595436
1726649577
1636375345
3677760432
3108995503
181059065
100563543
3489360083
2999625019
1051081682
883232264
1358109445
879064787
2082188467
4106254694
1350995681
2143375936
510375041
624066349
3087648308
3041734616
3222125456
1730314377
1785536219
2532197461
3798871878
2001245437
1781853245
2500256115
3114000642
216264860
2708908929
631704803
4002796303
1965451123
702645771
3257336802
1308888701
2647494407
1307038000
3080831964
1467873699
1161438647
1624528881
1426801075
856408302
1827860388
1525848847
4066938455
1009664795
1350430288
1822435185
3027341204
3181641369
154216576
271286842
1460231020
2875570383
4033202412
3966293697
2167537027
2739994129
2842993736
845623227
1234607233
4011358023
3473820772
2951693490
4121961105
3073463604
1886000038
2565406699
1135917939
2067806806
2342117155
2777340755
3584844746
1816333584
223606119
4197457574
692214412
1656967199
183006329
3429842617
23088466
2444416753
1627145010
4111998900
4197000137
1914888143
724284933
3382094581
2960086615
1644682580
2377809881
1056701424
1260733748
2918268180
406912358
2686857458
50035648
989260815
1992362005
4104896007
4120625555
2462112673
2484007558
3051234774
1280532421
2465055104
2429575545
2351914211
2833061999
241008417
2640568114
3416548566
2087718892
238764496
62891005
2232499845
817456440
1034765576
3830390190
2107829595
1935428366
2382009370
1156018708
839371529
2568993272
3899100184
2365097709
967201245
4065433724
467647324
4098282789
4193385267
2545701741
1280443308
733850717
691464483
1120674259
2348378069
136010569
1500212094
1882816232
4257494098
532123846
433069561
2784615372
1099379195
11259411
519162333
1367589269
1936417917
1638667710
3847840230
1300581190
1270291103
1314947191
3237524629
1152166249
2350559399
3922133222
1058198093
1607234437
339219508
1599556716
2809988856
2440175885
3075953254
626977427
2298013984
4268466284
4170967710
1696909644
1102257020
3310317633
331485743
543579385
2556026017
400451545
1659662166
1154752101
1804952033
2844704705
3217793397
1392699158
4256824045
38332863
1661436502
806549113
2107700292
835149368
140309267
1127506388
3674079928
1106623857
2541049392
3467412950
1093392518
3791215411
2443478203
2767973189
214008773
2754380253
2331825198
701980428
98763516
2324636325
317115720
1630278364
2810842096
3156739590
1195603646
3795505996
3319343753
913525363
1836593713
1105338446
2268415618
2633958734
1731403058
2080284287
3046281836
1614402248
995601153
1063654766
973091183
1346229605
286840404
3728882281
348193577
3497140953
2590184554
1965105214
2698443631
3738456804
1599690667
3813859563
1397850846
3388582290
1885664092
577485064
400341061
2493181774
717375690
310800062
2058785771
2845593458
3608727370
1886848915
3269286993
1285326255
2367318947
2001827709
883282771
4162372299
2408867556
3017067871
2523169824
129754398
1535281805
4065823711
2044882021
3761754742
3636113989
517261111
3946931817
2061874310
569610879
98334438
1216864150
3680675847
2242824647
571047402
2140142405
2153956485
3105839437
1122781209
840400903
394505379
3737574730
775264066
1486504638
1276287867
238875615
3615273835
817095222
2460378155
2968947590
2493168671
3829404814
1350451593
276597508
4003908527
1958891399
1667447245
2163698704
563650774
1715246747
3476816700
3464588611
3890968275
2814239502
2079826974
1841603786
175304128
1481937330
3651038974
3784524383
2099450567
1446777359
1429821733
3401762239
902317246
804645095
1999892359
1041449001
3967772293
4066417545
3849945740
1052800262
1862712107
4060475354
4241404017
2658868906
3739826303
489501283
2299059799
3069717155
2928490294
2995444110
4099079
2420777777
903759104
1106279682
655158913
694224023
2506015531
492385659
3518864346
3233853319
3369446835
917045644
2222106209
3341545128
3697091056
1797509448
2701210365
1117375722
4046672019
3710492368
440627193
1836857748
104056153
2355231648
907080646
4050278932
4256441830
2905051150
314117039
1896128312
2559730994
3508176982
3614865255
3841062588
723359021
3485656982
2016050865
2831508496
2515236117
3335939980
2564539569
3119957995
3870941758
1536741108
908749272
2638271695
3808591840
1611476681
2453181711
1838926799
2536670650
1841367253
4158532616
3096497114
3469977802
171206790
208399376
1394992189
2663235748
1094207018
4287230863
479129993
3793565396
1275541285
2294404731
1011068602
197946893
1888962404
3059191502
831195622
3133256738
1999922793
417182327
386781436
457205638
3146426321
271667515
2380588116
1611077491
3516837148
859368102
927801963
1671082388
1648510064
436049151
2763627044
309870833
3511737433
1427606727
4161452179
872392156
884306714
3585283208
3790035256
304605636
619934529
926182796
3655703577
3902163354
1944586651
3134877782
564746005
411993357
494704749
1802912599
3230762549
1557933318
4017183477
3611967595
3439787652
3873786263
1798416357
3690948426
1490233927
565167072
2087400790
202933285
3564574700
2156553735
2633042567
2831532879
179058472
854848293
3347266611
799233794
3804614162
2499358376
598188588
1061597401
3360151440
716679271
1612649073
2598872169
1713796792
1140721807
2888397924
3632293689
389024012
3753120623
719197011
2475955165
4130295343
1435641196
1419475675
652918626
1865448335
2744065211
2678260685
1261194180
1443757329
3528959133
3479343783
614062431
2749625640
2645614521
1958089271
759033360
4097636073
663294309
340936747
4094619568
225096472
3759129546
2025376600
1684260841
408226486
2069630273
2328557583
856841834
985818892
3508612484
1562696427
652151322
3120172001
1278196837
1776023425
2075539636
1172342187
1041962146
4278113821
2845919390
2170622620
1957980697
843387831
769276122
706258148
1001922587
4259636918
77456310
2913994313
1312860039
898596048
1840647566
704117492
154718160
1341646649
2889497370
4139082635
2999311814
3331626246
2209221734
1364463889
1425574370
436358370
2431741341
3471153254
1192494961
2370826468
2302996594
3117589180
834196023
499694443
1056429536
3077516626
80749363
2212663797
1838228331
2677265299
771366783
1665307691
3495956316
789436778
1743643353
555804466
2007429623
1212343040
1598598878
3936236694
2766559071
932046026
2878024724
1122671346
2916993846
881802497
3911829909
3696955432
325687914
1996308865
971913477
2746207529
3734854017
931521438
3304689410
194808766
160745296
1286353493
1811827031
1175478156
1729352601
1884779946
321650260
1757257059
567125198
4002378553
1252155041
3208242493
714014471
3582769668
3725920919
4067783166
1549131089
810737710
1173190194
2459460569
545592214
3240925304
3221388282
2691417327
1725696870
1755666209
3756353832
3045733101
3588973652
1168004496
3169705497
572136459
3652831484
3786134020
2718892343
3900398583
160094443
16206442
4016886534
3627922953
2250823829
4021273182
1624155463
3792781725
2028018440
4009443763
2146573209
62599138
1281316253
3989534636
915612955
3019436050
2055463176
330099693
215312654
591050762
1948072844
3701304040
502968536
3287711206
3479461998
2930099769
1666186440
2271860771
1200390934
3676064140
531527641
4221892773
241624275
1314089755
1173995034
2861169239
1493637943
3267322258
4097622313
2328128972
3120964667
1759471528
450185254
3951062445
