1603902372
2044835597
4186099767
1447771608
2770458420
3230782906
3745988077
985747687
2478629259
2510765024
3664247848
2571128564
2449371635
1266977115
2175974848
2330872858
2947247262
24086910
1671870119
1607613303
4117511473
3908856291
3409453665
2713456545
2560010839
2242569157
2054552513
2569311614
1150077696
2011946401
244324570
975975108
1410890953
453322082
2323424185
2656078516
4176256628
54683460
2917327637
2684042379
3849906106
2607659198
4158331089
1332220558
2316555015
2874298278
3143716029
1693741531
115010086
3615680178
2080698350
2866326227
1537375239
385908159
2363104747
3383216832
2128482645
3557183076
91571586
2953485573
3675135613
898174213
545922769
3401067443
1551342355
1812059507
4199300317
3361782460
398852607
2025071717
730833170
2890229302
2264460334
800989335
3767017386
477304990
2099989661
421399642
2006369703
584252141
3269741642
1305343826
4082046910
314965388
2879719493
1266211442
2308129290
1660635904
3079059155
1163793813
1160623111
840623799
1128324288
3655882391
3035643978
2323901973
2905322729
1739323880
1883763665
2118616426
1129325398
1511798380
4142671070
4273805205
401763067
2438269198
12892532
3964946400
4039442465
587812837
1903130659
3862371691
1781207529
3372745371
3178095587
1872968664
3400200136
274373388
3939784966
1041886401
3643911014
577300041
1165776619
2521934436
1837867492
2641005479
3141145901
1324215185
1852638614
3251050513
3963855009
2063289953
2938231284
1710720914
450087261
1357048700
3248027546
3265135186
3542373010
500118283
1551069371
110260137
4007003610
576668718
2889174129
2959542116
1932871936
3263493247
3736507657
3071793589
2203062529
2659001802
4219532238
1898713296
3339908869
823420894
4199332313
2840308773
1932769811
2637347160
1119949348
3631084887
1397129505
746081932
117405406
597587293
1864966324
1601128823
2682261647
4084271230
2525287611
139628046
215893500
3762196424
1491645243
3748300753
2975795072
403622805
2870223750
1343533309
274304059
3353439621
3729811756
1132761318
902942633
1769400361
2681279465
2466067990
460729823
776266163
1602483377
1335008279
1525547326
2749714221
994586664
3791621570
1478174952
2696729601
2630290202
1346428427
2840625787
2828877737
3770964773
3078229336
1892288014
3201148120
1159766409
2696542914
2983010302
2135385432
1429527235
2427427676
2535367017
1053220709
228106245
857853742
2670960980
1507416687
3738244325
151820276
3491218021
486490054
1145198321
2321368773
1210484569
4029304599
1300460616
2724620380
67006576
2691403023
2083635932
601337548
2989158331
180036076
1653371761
3053653820
3456864226
2768798640
2497076534
1101976233
2506432053
2987950735
226061269
158620746
1561016353
271261588
3701014317
1516202087
1231129726
3450586138
2536502410
520580757
4115965461
2190789286
2936890104
2238015047
3339737849
2314111197
991039400
48304707
3562017376
2029202070
1240260002
2885587899
2844186226
521524453
2610853413
4135402397
1046453586
1159521358
3798260596
852308058
3087796407
2031813785
2146258746
1341835442
70900201
886711540
323128716
1725506889
2921784094
688677735
3148317880
2813502322
2853018070
24308453
2705068990
3010221564
3233575547
2355226048
2522511865
2259649275
2560899993
2508369712
4294204944
3824610792
2785554348
2766770618
314825501
2676872831
3254913293
4178803559
4242700955
3667729101
2440155657
488423918
318750550
302787732
401006825
3752610447
2071560617
2947536469
3799594653
1085953868
1092214096
2080768812
2766196136
711543866
3932949665
1247154635
409922791
2907315987
3343948445
334473295
2979552239
227629702
3478039376
603367912
660669899
2657138641
3250495319
2772816192
2257005117
3639630897
691762123
889983723
3846684508
29116571
247114286
2931426754
350131655
619502053
616653673
2624640794
4239006878
868864656
1763309124
3299784411
1058296391
4284688806
614739196
2241495976
3871727559
2761156774
381533502
3975449968
2289815046
1203268436
3481084816
2145487030
1024661357
3850861274
2128302679
312245069
2876048726
1205424064
3243243512
2910655641
1108199795
946522539
3040991704
1832418149
693312886
1468666539
2010597702
3570099099
2275102081
336942143
2406875753
1976594580
1485386159
1731830906
2862836326
2955319469
3895235919
854765406
2344788429
1530587853
541488031
4273318891
1386918854
408788829
2528655533
2954624790
412474735
2699524303
2969860352
401948944
318871054
2789123583
67278614
2461154357
1899794307
1192451280
852051734
1427311005
2526836766
1648448039
2055667588
2702900708
856004732
2977475413
450284223
1214095100
797897182
3939920511
2005466958
1556207496
1423442136
3910292991
4011782413
1296914623
4243288596
2149881777
1572820740
3918213560
2371568514
3582968860
248058582
1387111572
1374919593
2480324200
1692396921
3525186830
4030869681
1640712115
1715978425
1972026532
830700339
3386793849
2230584797
2978215237
705123691
1958949951
1290787627
3565471512
2396354735
3570330007
2569403457
2160169848
598035428
3746032093
229162803
2905056298
3905940839
173511426
1422812803
696550301
653714508
456868770
3512057489
4288239774
385587780
1541213291
1250310986
2136919086
3362361869
2231203166
2225602055
1860146692
1803939047
1731541683
2760528664
752040421
4263382529
544965524
2463394759
2686416437
3280327797
162533622
532204047
118166969
2326298436
2166948897
3095980160
1301258405
1636830463
862060869
1505910878
801917962
1990424596
2944772464
1042286044
3425139011
2618904351
3150012047
563505624
407262505
1213582954
2916016776
2578822279
1043892074
475938800
1033094353
4045383756
3462334419
4091025178
1550772702
2962723603
1340130821
40759611
1597484319
310198054
3280017635
1260123575
3806744882
800432389
1133325947
2900303541
3230526236
1092868050
1461744113
1676308944
1846505418
2267349629
1602431387
3049271674
3165120790
811519731
687586674
1277677895
1840368875
611556906
2042722439
2122399510
3152753631
257841573
2598062786
2743702690
326214864
2338271079
1425626753
3551348333
1830702981
1533478944
542679063
1191278997
1532733679
28154216
3271915203
549925009
3320547990
790513457
3739153646
1883625030
3439621427
933730197
2430049754
3490984236
2955207005
1297429954
1638892569
4255321699
3746816665
3120466149
4188738387
486181830
309666342
2797621698
1439704120
4146652035
1112902096
3887909567
146750097
1051931202
3705330760
2025147129
2048118612
4040800662
3183645186
1177148100
1496496393
3958669486
432346072
526663390
2233832340
1423755231
1754589524
386505541
2423208401
311876134
1122034862
2797530445
4050977568
4091927774
1637841522
423429060
80699064
3391921688
1434739429
311889179
3189002946
2444354538
2189037731
3864807246
497509217
3184592592
1625282990
2275842447
2246218998
2312800687
394047704
4141848387
423916009
3546495105
2772630162
1750988284
3287688849
2456155576
1075578299
3215510139
2450090641
39764477
1865764196